-2 0
-1.94 0
-1.88 0
-1.82 0
-1.76 0
-1.7 0
-1.64 0
-1.58 0
-1.52 0
-1.46 0
-1.4 0
-1.34 0
-1.28 0
-1.22 0
-1.16 0
-1.1 0
-1.04 0
-0.98 0
-0.92 0
-0.86 0
-0.8 0
-0.74 0
-0.68 0
-0.62 0
-0.56 0
-0.5 0
-0.44 0
-0.38 0
-0.32 0
-0.26 0
-0.2 0
-0.14 0
-0.08 0
-0.02 0
0.04 0
0.1 0
0.16 0.0126667
0.22 0.0346
0.28 0.0342667
0.34 0.0358
0.4 0.0417333
0.46 0.0346667
0.52 0.0302667
0.58 0.0262
0.64 0.03
0.7 0.0240667
0.76 0.0242667
0.82 0.0183333
0.88 0.0202667
0.94 0.0199333
1 0.0196
1.06 0.0185333
1.12 0.0236667
1.18 0.0262667
1.24 0.0265333
1.3 0.0266667
1.36 0.0304
1.42 0.0297333
1.48 0.0346667
1.54 0.036
1.6 0.0383333
1.66 0.0404
1.72 0.0389333
1.78 0.0328
1.84 0.0328667
1.9 0.0326
1.96 0.0237333
2.02 0.0248667
2.08 0.0201333
2.14 0.0138667
2.2 0.0114
2.26 0.0092
2.32 0.00646667
2.38 0.0046
2.44 0.00386667
2.5 0.00253333
2.56 0.00186667
2.62 0.000666667
2.68 0.000533333
2.74 0.000533333
2.8 0.000333333
2.86 0.000133333
2.92 0.000133333
2.98 6.66667e-05
3.04 0
3.1 0
3.16 0
3.22 0
3.28 0
3.34 0
3.4 0
3.46 0
3.52 0
3.58 0
3.64 0
3.7 0
3.76 0
3.82 0
3.88 0
3.94 0
4 0
