100 19.9457 2.18606 3.95067 0.796848
200 18.2916 1.65001 4.9805 0.601271
300 16.6039 1.26594 5.51169 0.525669
400 16.3894 1.05035 5.07343 0.431053
500 16.0364 0.933546 5.26841 0.390225
600 16.1867 0.857536 5.31974 0.360321
700 15.9984 0.794161 5.3698 0.333805
800 16.0165 0.747688 5.40151 0.314847
900 15.7273 0.69728 5.46549 0.299351
1000 15.7375 0.66693 5.50927 0.288584
1100 15.5947 0.626036 5.4767 0.273655
1200 15.25 0.592535 5.63154 0.265872
1300 15.2871 0.56955 5.59226 0.253513
1400 15.2666 0.5465 5.60468 0.245342
1500 15.2622 0.526645 5.61221 0.236778
1600 15.3959 0.506568 5.56204 0.229084
1700 15.5058 0.491289 5.56466 0.224122
1800 15.4383 0.475058 5.51749 0.216364
1900 15.4571 0.461112 5.54131 0.211495
2000 15.4157 0.450418 5.48222 0.205429
2100 15.2691 0.436673 5.51419 0.200286
2200 15.0638 0.423483 5.53608 0.19583
2300 15.06 0.414832 5.48607 0.190466
2400 15.1796 0.40975 5.4719 0.185633
2500 15.3568 0.405526 5.47345 0.182243
2600 15.2955 0.395709 5.48094 0.179541
2700 15.3369 0.387995 5.44163 0.175498
2800 15.2926 0.380286 5.43401 0.172101
2900 15.3273 0.374949 5.42408 0.168833
3000 15.2814 0.367981 5.4596 0.16687
3100 15.2421 0.361172 5.49487 0.165424
3200 15.1837 0.354942 5.54863 0.163013
3300 15.2408 0.349854 5.51857 0.159941
3400 15.3284 0.347398 5.5103 0.157745
3500 15.3997 0.343304 5.49811 0.155414
3600 15.424 0.340042 5.53134 0.153705
3700 15.4054 0.334605 5.51774 0.151437
3800 15.3236 0.328915 5.5378 0.149524
3900 15.2342 0.323148 5.54717 0.147619
4000 15.2701 0.319552 5.5771 0.146457
4100 15.2375 0.315344 5.60667 0.145293
4200 15.227 0.311252 5.59783 0.1434
4300 15.1962 0.306646 5.61057 0.14192
4400 15.1422 0.301963 5.6061 0.140178
4500 15.0861 0.298226 5.60081 0.138363
4600 15.1045 0.295127 5.58118 0.136486
4700 15.1189 0.292219 5.58154 0.135082
4800 15.0105 0.287905 5.59214 0.133469
4900 14.9786 0.285375 5.60142 0.132184
5000 15.0083 0.282517 5.56701 0.130556
5100 14.9654 0.279359 5.5658 0.12921
5200 15.0057 0.276642 5.55497 0.127909
5300 14.9669 0.273373 5.54602 0.126738
5400 14.9978 0.271122 5.53193 0.12567
5500 14.9588 0.268138 5.52999 0.124314
5600 14.9109 0.26502 5.54243 0.12351
5700 14.9053 0.263541 5.52697 0.122161
5800 14.9129 0.261537 5.53696 0.121131
5900 14.907 0.258936 5.54785 0.120177
6000 14.9337 0.256876 5.54237 0.119425
6100 14.909 0.254436 5.54835 0.118504
6200 14.9132 0.252212 5.54521 0.117581
6300 14.9413 0.250338 5.54163 0.116812
6400 14.94 0.248323 5.53922 0.115834
6500 15.0429 0.247143 5.5213 0.114859
6600 15.0621 0.245432 5.50241 0.113836
6700 15.0363 0.243693 5.52569 0.113175
6800 15.0306 0.241924 5.52854 0.11231
6900 15.024 0.240152 5.53849 0.111723
7000 15.0223 0.238548 5.52919 0.110812
7100 15.0133 0.236896 5.5354 0.110042
7200 15.047 0.235159 5.52084 0.109173
7300 15.0395 0.233728 5.52058 0.108333
7400 15.0299 0.231896 5.51576 0.107622
7500 15.0812 0.230706 5.50812 0.106817
7600 15.133 0.229454 5.49376 0.106053
7700 15.1443 0.228045 5.50787 0.105454
7800 15.1477 0.226858 5.51832 0.104875
7900 15.1713 0.225232 5.52736 0.104417
8000 15.1611 0.223583 5.53265 0.103805
8100 15.1563 0.222183 5.5331 0.10316
8200 15.1824 0.221331 5.53523 0.102454
8300 15.1543 0.219807 5.53667 0.101827
8400 15.1521 0.218572 5.51627 0.100918
8500 15.157 0.217545 5.52991 0.100397
8600 15.129 0.216037 5.54303 0.0999672
8700 15.1648 0.215165 5.52309 0.0992762
8800 15.1006 0.213434 5.52331 0.0985651
8900 15.1227 0.212103 5.51525 0.0979894
9000 15.1115 0.211044 5.51015 0.097324
9100 15.115 0.209762 5.50292 0.0967558
9200 15.0787 0.208419 5.51823 0.0963925
9300 15.118 0.207753 5.49917 0.0956904
9400 15.1211 0.20673 5.51619 0.0953957
9500 15.0891 0.205481 5.54488 0.0951294
9600 15.0806 0.20428 5.54653 0.0945737
9700 15.0699 0.202932 5.55031 0.0940613
9800 15.0932 0.201878 5.54508 0.0935635
9900 15.079 0.200689 5.54463 0.0930947
10000 15.0817 0.19971 5.54663 0.0926782
