100 15.3558 2.02601 6.75303 1.03203
200 14.9391 1.39585 5.45973 0.647479
300 14.3439 1.07943 5.03086 0.496941
400 13.7897 0.910785 5.1826 0.432029
500 13.9896 0.830158 5.35322 0.403829
600 14.3265 0.754421 5.12729 0.363472
700 14.9898 0.720386 4.9701 0.334712
800 14.6034 0.664853 5.11349 0.314914
900 14.6201 0.626763 5.02466 0.292122
1000 14.8199 0.60958 5.19638 0.285475
1100 15.0432 0.588413 5.18966 0.272272
1200 15.04 0.566143 5.33064 0.263548
1300 15.1672 0.545464 5.20509 0.251021
1400 15.4407 0.529333 5.0872 0.240004
1500 15.3029 0.508774 5.16116 0.233206
1600 14.9972 0.488489 5.20013 0.224873
1700 15.2269 0.482398 5.16919 0.216797
1800 15.0686 0.463096 5.22762 0.212769
1900 14.8581 0.447754 5.26652 0.206836
2000 14.8517 0.435921 5.30193 0.203108
2100 14.8256 0.425206 5.29797 0.19771
2200 14.8957 0.417757 5.35298 0.19455
2300 14.7714 0.407648 5.38958 0.190254
2400 14.989 0.404653 5.28412 0.184424
2500 14.9294 0.395249 5.32642 0.181157
2600 14.8203 0.385695 5.36112 0.178868
2700 14.8078 0.377196 5.35839 0.175588
2800 14.8868 0.372582 5.38589 0.172671
2900 14.967 0.365264 5.34693 0.169148
3000 15.0306 0.360447 5.34314 0.165869
3100 14.9972 0.354049 5.35482 0.163502
3200 15.0079 0.348791 5.35362 0.161014
3300 14.9429 0.342484 5.35699 0.15835
3400 14.9967 0.338012 5.31833 0.155406
3500 14.8994 0.331892 5.34341 0.153186
3600 14.8231 0.325152 5.36585 0.151414
3700 14.9048 0.320362 5.33838 0.1495
3800 14.8351 0.314507 5.34668 0.147565
3900 14.7772 0.310704 5.3959 0.146601
4000 14.6863 0.305452 5.43521 0.145055
4100 14.7126 0.301301 5.3912 0.143024
4200 14.6849 0.296763 5.37836 0.141205
4300 14.7436 0.293604 5.37587 0.139696
4400 14.8363 0.291296 5.35226 0.137785
4500 14.8231 0.287737 5.3813 0.136739
4600 14.7718 0.2849 5.40227 0.135313
4700 14.8168 0.281907 5.35787 0.13344
4800 14.853 0.278996 5.34123 0.131708
4900 14.8161 0.275554 5.33166 0.130426
5000 14.7847 0.272728 5.34313 0.129345
5100 14.7804 0.270195 5.3228 0.127645
5200 14.8091 0.267941 5.30953 0.126233
5300 14.759 0.265149 5.31883 0.125059
5400 14.7703 0.263312 5.33425 0.124047
5500 14.7822 0.262437 5.33422 0.123028
5600 14.7938 0.260241 5.35099 0.122018
5700 14.7946 0.257796 5.33771 0.120969
5800 14.7997 0.255408 5.33915 0.119971
5900 14.8949 0.254734 5.33903 0.118855
6000 14.917 0.252751 5.36586 0.118216
6100 14.9207 0.250657 5.35132 0.117072
6200 14.9282 0.248672 5.34945 0.115926
6300 14.9373 0.246881 5.36158 0.115124
6400 14.9632 0.245179 5.35763 0.114003
6500 14.9376 0.243383 5.35833 0.112861
6600 14.9448 0.241883 5.35407 0.111952
6700 14.9499 0.239846 5.3384 0.11107
6800 14.935 0.237891 5.34555 0.11021
6900 15.0188 0.237023 5.32014 0.10914
7000 15.0281 0.235598 5.33385 0.10849
7100 15.0504 0.233911 5.34525 0.107968
7200 15.0696 0.23209 5.33812 0.107238
7300 15.0669 0.230267 5.33733 0.106486
7400 15.0559 0.229316 5.35247 0.10581
7500 15.0297 0.227632 5.3642 0.105079
7600 15.0081 0.225932 5.34842 0.104174
7700 15.0275 0.224612 5.34575 0.103442
7800 15.0392 0.223573 5.34659 0.102818
7900 15.0478 0.222613 5.36281 0.10236
8000 15.0083 0.220893 5.35875 0.101631
8100 15.0563 0.220112 5.35498 0.100958
8200 15.0594 0.218924 5.34797 0.10015
8300 15.0486 0.217303 5.34297 0.0994519
8400 15.0377 0.216085 5.34709 0.0988674
8500 15.019 0.214746 5.34816 0.0983384
8600 15.021 0.213859 5.34575 0.0976653
8700 15.0278 0.212505 5.34974 0.0972274
8800 15.0187 0.211188 5.35058 0.0967097
8900 14.9968 0.21001 5.35841 0.096129
9000 15.0526 0.209419 5.35303 0.0956251
9100 15.0826 0.208697 5.33872 0.0949803
9200 15.0978 0.20758 5.33586 0.0945005
9300 15.051 0.206057 5.34318 0.0940138
9400 15.0441 0.205053 5.34741 0.0934966
9500 15.0072 0.203559 5.35036 0.0929456
9600 14.9887 0.202347 5.34688 0.0923644
9700 15.0103 0.20147 5.34542 0.0918994
9800 14.9991 0.200304 5.3359 0.0913911
9900 14.9675 0.199074 5.34601 0.0909408
10000 14.9379 0.198072 5.36858 0.0907546
