1 1.06226 0.0475856
2 0.980392 0.0357355
3 1.0326 0.0277604
4 0.998894 0.0248012
5 1.00267 0.0219975
6 1.00866 0.0197763
7 1.00589 0.0181605
8 1.00585 0.0170145
9 0.995994 0.0160487
10 0.988977 0.0152825
11 0.990506 0.0146545
12 0.986138 0.0140643
13 0.985987 0.0135158
14 0.986175 0.013002
15 0.989088 0.0125435
16 0.983378 0.0122193
17 0.983918 0.0118041
18 0.985737 0.0114829
19 0.985782 0.0111674
20 0.988592 0.0108989
21 0.990628 0.0106352
22 0.992136 0.0103692
23 0.993606 0.0101338
24 0.992936 0.00992347
25 0.99106 0.00974064
26 0.990955 0.00952617
27 0.989079 0.00936314
28 0.988656 0.00917705
29 0.98799 0.00901312
30 0.987856 0.00886826
31 0.989081 0.00872907
32 0.990118 0.00859862
33 0.98775 0.00847387
34 0.98994 0.00834524
35 0.991172 0.00820893
36 0.991558 0.00809067
37 0.990083 0.00798634
38 0.990577 0.00788381
39 0.990878 0.00777482
40 0.992105 0.00767443
41 0.992278 0.00756845
42 0.992282 0.00747503
43 0.992522 0.00737869
44 0.993491 0.00729555
45 0.993865 0.00721154
46 0.994179 0.00713375
47 0.994736 0.00705839
48 0.994885 0.00698637
49 0.994263 0.00692135
50 0.994708 0.00685161
51 0.994475 0.00678503
52 0.995301 0.00672014
53 0.994671 0.00666031
54 0.995537 0.00660354
55 0.996206 0.00654032
56 0.996387 0.00648317
57 0.995295 0.00643403
58 0.996398 0.00636748
59 0.997141 0.00631057
60 0.996606 0.00626426
61 0.998228 0.00620926
62 0.996842 0.00616543
63 0.996764 0.00611617
64 0.996815 0.00605931
65 0.996217 0.00601491
66 0.996227 0.00596848
67 0.994381 0.00593708
68 0.994588 0.00589532
69 0.993951 0.00585345
70 0.992195 0.00581162
71 0.99197 0.0057681
72 0.991883 0.00572792
73 0.991575 0.00568766
74 0.9931 0.00564671
75 0.99325 0.0056066
76 0.992574 0.00557062
77 0.993754 0.00552774
78 0.993042 0.00549142
79 0.992269 0.00545852
80 0.992013 0.00542711
81 0.990844 0.00539603
82 0.990379 0.00536182
83 0.990755 0.00532765
84 0.990917 0.00529559
85 0.992088 0.00526011
86 0.99209 0.00523095
87 0.99242 0.00519687
88 0.993416 0.00516096
89 0.994062 0.00512521
90 0.993776 0.00509719
91 0.995212 0.00506584
92 0.995992 0.00503631
93 0.996467 0.00500796
94 0.996517 0.00498394
95 0.997253 0.00495539
96 0.997581 0.00492444
97 0.997496 0.00489629
98 0.997946 0.00486946
99 0.998376 0.00484352
100 0.997939 0.00482603
