1 1.08469 0.0500747
2 1.05894 0.0339087
3 1.04482 0.027513
4 1.04759 0.0240222
5 1.04193 0.0212507
6 1.02849 0.019459
7 1.03639 0.0180162
8 1.03974 0.0168438
9 1.03936 0.0159911
10 1.03904 0.0151772
11 1.03586 0.0145324
12 1.04062 0.013941
13 1.03721 0.013436
14 1.03382 0.0130821
15 1.03521 0.0126129
16 1.03289 0.0121738
17 1.03263 0.0117962
18 1.03432 0.0114284
19 1.03769 0.0110946
20 1.0389 0.0108485
21 1.03638 0.0105822
22 1.03666 0.0103447
23 1.03292 0.0101535
24 1.03056 0.00994182
25 1.02651 0.00973688
26 1.02366 0.0095757
27 1.02132 0.00942689
28 1.02098 0.00924859
29 1.02099 0.00909593
30 1.02204 0.00894692
31 1.02041 0.00881151
32 1.02266 0.00865559
33 1.02123 0.00852714
34 1.0226 0.00838812
35 1.02374 0.00826891
36 1.02527 0.00814852
37 1.02482 0.00804346
38 1.02569 0.00793465
39 1.02689 0.00784019
40 1.02542 0.00775878
41 1.02645 0.00764997
42 1.02695 0.0075524
43 1.02581 0.0074577
44 1.02782 0.00736562
45 1.02673 0.00728676
46 1.02732 0.00720116
47 1.02782 0.00712846
48 1.0297 0.00704683
49 1.02898 0.00698404
50 1.02878 0.00691938
51 1.0281 0.00683783
52 1.02851 0.00676749
53 1.02929 0.00669778
54 1.02994 0.00662628
55 1.02975 0.00656616
56 1.02983 0.00650618
57 1.03026 0.00643986
58 1.0306 0.00638174
59 1.03151 0.00632028
60 1.031 0.00626712
61 1.03204 0.00621074
62 1.03232 0.00615285
63 1.03256 0.00610197
64 1.03345 0.0060477
65 1.03253 0.00601061
66 1.03198 0.00597027
67 1.03321 0.0059246
68 1.03332 0.00588237
69 1.03244 0.00583967
70 1.03388 0.00579516
71 1.03478 0.00574988
72 1.03514 0.00570432
73 1.03511 0.00566491
74 1.03586 0.00562273
75 1.03492 0.00558893
76 1.03495 0.00555402
77 1.03484 0.00551881
78 1.03529 0.005483
79 1.03631 0.00544635
80 1.03541 0.00541832
81 1.03499 0.00538844
82 1.03511 0.00535807
83 1.03485 0.005323
84 1.03558 0.00528954
85 1.03606 0.00525387
86 1.03662 0.00522065
87 1.03698 0.00518845
88 1.03741 0.00515946
89 1.03638 0.00513476
90 1.03649 0.00510461
91 1.03795 0.00507514
92 1.03925 0.00504012
93 1.03989 0.00501125
94 1.03971 0.00498345
95 1.03995 0.00495681
96 1.03995 0.00493158
97 1.03983 0.00490723
98 1.03944 0.00488675
99 1.04037 0.00486247
100 1.03984 0.00484249
