1 0.996792 0.0446832
2 1.00002 0.0319013
3 0.990572 0.0261368
4 0.991887 0.0226526
5 0.984291 0.0209065
6 0.980122 0.0190867
7 0.989326 0.0178131
8 0.997116 0.0166878
9 1.00099 0.0157467
10 1.00204 0.0150281
11 0.995385 0.0143965
12 0.985279 0.013981
13 0.981585 0.0135268
14 0.981782 0.013021
15 0.983498 0.0125824
16 0.98846 0.0121368
17 0.99201 0.0117597
18 0.99084 0.0114244
19 0.991656 0.0110847
20 0.992831 0.0108052
21 0.993271 0.010564
22 0.992816 0.0102992
23 0.992525 0.0100814
24 0.990847 0.00985591
25 0.990829 0.00966245
26 0.990676 0.00947661
27 0.99218 0.00928334
28 0.993395 0.00909231
29 0.993589 0.00894927
30 0.993942 0.00879199
31 0.995401 0.00863929
32 0.99475 0.00850386
33 0.995607 0.0083663
34 0.995001 0.00823338
35 0.993584 0.00812212
36 0.994163 0.0080148
37 0.99296 0.0079186
38 0.994036 0.00781032
39 0.994681 0.00772241
40 0.991599 0.00764073
41 0.992158 0.007526
42 0.990325 0.00745096
43 0.989416 0.00736865
44 0.989772 0.00727913
45 0.989686 0.00719728
46 0.987509 0.0071292
47 0.987198 0.00705445
48 0.986749 0.00698852
49 0.985311 0.00692158
50 0.983772 0.00686377
51 0.983839 0.00679256
52 0.983953 0.00672775
53 0.985242 0.00665932
54 0.986338 0.00660042
55 0.98657 0.00653788
56 0.985933 0.0064797
57 0.985446 0.00642174
58 0.985327 0.00637257
59 0.986913 0.00631015
60 0.987804 0.00625242
61 0.987762 0.00620073
62 0.988008 0.00614779
63 0.988973 0.00610048
64 0.989249 0.00604993
65 0.988765 0.00600172
66 0.989169 0.00595897
67 0.989257 0.00590486
68 0.988799 0.00586228
69 0.989486 0.00582074
70 0.989969 0.00578075
71 0.990558 0.00573465
72 0.991475 0.00569368
73 0.991742 0.00565145
74 0.991123 0.00561699
75 0.990875 0.00557639
76 0.991893 0.0055347
77 0.992227 0.00550113
78 0.991876 0.00546822
79 0.991635 0.00543366
80 0.9916 0.00539743
81 0.992838 0.00535684
82 0.992752 0.00532507
83 0.992433 0.00529568
84 0.991546 0.00526614
85 0.992165 0.00522945
86 0.992283 0.00520082
87 0.991178 0.00517672
88 0.990662 0.00514853
89 0.990732 0.00512252
90 0.990238 0.00509414
91 0.989888 0.00506518
92 0.990195 0.0050378
93 0.99081 0.00500955
94 0.990813 0.00498221
95 0.991224 0.00495656
96 0.990835 0.004935
97 0.990487 0.00491093
98 0.991744 0.00488563
99 0.992411 0.00485773
100 0.992603 0.00483555
