1 1.15318 0.0367132
2 1.18021 0.0253282
3 1.18634 0.0205169
4 1.1942 0.0173462
5 1.18794 0.0156474
6 1.1899 0.0142218
7 1.18602 0.0133391
8 1.18592 0.0125901
9 1.18485 0.0119109
10 1.17951 0.0114346
11 1.18503 0.0108479
12 1.18525 0.0103438
13 1.18277 0.00991084
14 1.18645 0.00943633
15 1.18912 0.00906908
16 1.18663 0.00885009
17 1.19011 0.00853906
18 1.19088 0.00831572
19 1.19095 0.00806481
20 1.19193 0.00787425
21 1.1914 0.00766906
22 1.19179 0.00746773
23 1.19245 0.00727896
24 1.18965 0.00716081
25 1.18984 0.00702907
26 1.18796 0.00690421
27 1.18757 0.00678059
28 1.18828 0.00664379
29 1.19161 0.00648988
30 1.1891 0.00640272
31 1.19031 0.00629759
32 1.191 0.0062025
33 1.19224 0.00609322
34 1.19138 0.00599979
35 1.19025 0.00591679
36 1.19082 0.00583827
37 1.18946 0.00577586
38 1.18963 0.00570389
39 1.18925 0.00564076
40 1.18964 0.00555157
41 1.19117 0.00546779
42 1.19206 0.00539685
43 1.19252 0.00532948
44 1.19241 0.00526141
45 1.19342 0.00519296
46 1.19451 0.00513316
47 1.19414 0.00508476
48 1.19429 0.00503313
49 1.19456 0.00498139
50 1.195 0.00492642
51 1.19498 0.00487839
52 1.19553 0.00482434
53 1.19467 0.00478937
54 1.19489 0.004749
55 1.19507 0.00470681
56 1.19493 0.00466884
57 1.19439 0.00462406
58 1.19352 0.00459364
59 1.1933 0.00456434
60 1.1938 0.0045213
61 1.19436 0.00447873
62 1.19459 0.00444061
63 1.19506 0.00439946
64 1.19467 0.00436385
65 1.1952 0.00432702
66 1.19534 0.0042986
67 1.19556 0.00426582
68 1.19551 0.0042363
69 1.19462 0.0042111
70 1.19524 0.00417818
71 1.19534 0.00414874
72 1.19492 0.00413234
73 1.19567 0.00409691
74 1.19553 0.00406918
75 1.19511 0.00404999
76 1.19525 0.00402357
77 1.19491 0.00399768
78 1.19509 0.00397024
79 1.19536 0.00394295
80 1.19573 0.00391853
81 1.19619 0.00389408
82 1.19662 0.00386454
83 1.19627 0.00384071
84 1.19605 0.00382387
85 1.19612 0.00380574
86 1.19586 0.00378583
87 1.19568 0.00375962
88 1.19573 0.00373867
89 1.19538 0.00372418
90 1.19554 0.00370411
91 1.19598 0.00368222
92 1.19576 0.00366356
93 1.19639 0.00364114
94 1.19633 0.00362393
95 1.1962 0.00360371
96 1.19646 0.00358295
97 1.19625 0.00356822
98 1.19631 0.00354838
99 1.1962 0.00353157
100 1.19622 0.00351079
