500 3.30374 0.29805
600 3.39568 0.232994
700 3.48392 0.189764
800 3.49246 0.156577
900 3.54741 0.133301
1000 3.60904 0.116036
1100 3.63645 0.101334
1200 3.64884 0.0893172
1300 3.67073 0.0796793
1400 3.6877 0.0716228
1500 3.71524 0.0651149
1600 3.74971 0.0598459
1700 3.76769 0.0549122
1800 3.78405 0.0506253
1900 3.78613 0.0467489
2000 3.7916 0.0433584
2100 3.80119 0.0403985
2200 3.80492 0.037723
2300 3.81237 0.0353573
2400 3.81323 0.0332
2500 3.81345 0.0312531
2600 3.8222 0.0295392
2700 3.82709 0.0279484
2800 3.83305 0.0265055
2900 3.84029 0.0251973
3000 3.84027 0.0239613
3100 3.84176 0.0228247
3200 3.84778 0.0217998
3300 3.85136 0.0208354
3400 3.85358 0.0199352
3500 3.85769 0.0191074
3600 3.86027 0.0183289
3700 3.86308 0.0176034
3800 3.86872 0.0169437
3900 3.8758 0.016341
4000 3.8787 0.0157436
4100 3.87885 0.0151757
4200 3.88114 0.0146453
4300 3.88161 0.0141415
4400 3.88371 0.0136693
4500 3.88474 0.0132203
4600 3.88749 0.012801
4700 3.88962 0.0124014
4800 3.89252 0.0120257
4900 3.8906 0.0116651
5000 3.89237 0.011322
5100 3.89276 0.0109929
5200 3.89174 0.0106802
5300 3.89425 0.0103869
5400 3.89593 0.0101041
5500 3.89729 0.00983308
5600 3.89976 0.00957812
5700 3.90239 0.00933509
5800 3.9048 0.00910157
5900 3.90655 0.00887537
6000 3.90817 0.00865814
6100 3.90818 0.00844724
6200 3.90862 0.00824496
6300 3.9107 0.00805472
6400 3.91156 0.00786838
6500 3.91215 0.00768876
6600 3.91415 0.00751955
6700 3.91466 0.00735292
6800 3.91661 0.00719599
6900 3.9205 0.00705638
7000 3.91997 0.0069067
7100 3.92198 0.00676619
7200 3.92207 0.00662637
7300 3.92514 0.00650123
7400 3.92514 0.00637047
7500 3.92604 0.00624491
7600 3.92668 0.00612302
7700 3.92703 0.00600477
7800 3.92909 0.00589475
7900 3.93109 0.00578802
8000 3.93182 0.00568087
8100 3.93297 0.00557787
8200 3.93272 0.00547663
8300 3.93309 0.00537849
8400 3.9335 0.00528331
8500 3.93434 0.0051915
8600 3.93494 0.00510197
8700 3.93541 0.00501484
8800 3.93583 0.00493012
8900 3.93607 0.00484764
9000 3.93698 0.00476833
9100 3.93743 0.00469047
9200 3.9387 0.00461637
9300 3.93919 0.00454265
9400 3.93997 0.00447134
9500 3.93997 0.00440117
9600 3.94089 0.00433383
9700 3.94137 0.0042675
9800 3.94142 0.00420257
9900 3.94153 0.00413928
10000 3.94234 0.00407836
