1 1 0
2 1.41837 0.00462209
3 1.73787 0.0066022
4 1.99697 0.00816882
5 2.23001 0.00926301
6 2.44397 0.00998746
7 2.64377 0.0106644
8 2.82737 0.0104997
9 3.00082 0.0107841
10 3.17207 0.0125096
11 3.32404 0.013495
12 3.47249 0.0138819
13 3.6113 0.0139184
14 3.75027 0.0145412
15 3.88354 0.0153467
16 4.01981 0.0153292
17 4.14978 0.0153267
18 4.27629 0.0162785
19 4.40243 0.0175938
20 4.50347 0.0197888
21 4.60595 0.0204505
22 4.71977 0.0207854
23 4.81605 0.0218848
24 4.93047 0.0224317
25 5.0436 0.022959
26 5.1391 0.0234913
27 5.22521 0.0230956
28 5.31772 0.0224615
29 5.40145 0.0215723
30 5.49982 0.021318
31 5.58502 0.0218767
32 5.66853 0.0222774
33 5.74803 0.0221481
34 5.8356 0.0218367
35 5.91743 0.0229021
36 5.99512 0.0237191
37 6.07026 0.024192
38 6.16588 0.0245571
39 6.25549 0.0246439
40 6.33294 0.0251484
41 6.40726 0.0250712
42 6.47992 0.0259063
43 6.55161 0.0262586
44 6.62456 0.0268442
45 6.70602 0.0269755
46 6.76876 0.0269767
47 6.84234 0.0268886
48 6.90191 0.0276833
49 6.97467 0.0280585
50 7.04732 0.0274985
51 7.10822 0.0291755
52 7.17843 0.0299749
53 7.24961 0.0300161
54 7.31561 0.0309616
55 7.38635 0.0319473
56 7.4559 0.0316939
57 7.52775 0.032948
58 7.59497 0.0319753
59 7.65016 0.0315767
60 7.72088 0.0320102
61 7.78965 0.032081
62 7.84969 0.0321035
63 7.91805 0.0332049
64 7.98329 0.0342505
65 8.03971 0.0345008
66 8.0982 0.0358929
67 8.16264 0.036444
68 8.22944 0.0367002
69 8.28207 0.0368053
70 8.34158 0.0370851
71 8.39824 0.0380256
72 8.4521 0.0388168
73 8.50924 0.039458
74 8.56574 0.039669
75 8.62916 0.0401198
76 8.6819 0.0406541
77 8.73743 0.0409649
78 8.79259 0.0417474
79 8.84627 0.0414115
80 8.90516 0.0426099
81 8.95819 0.0425704
82 9.01269 0.0423968
83 9.06722 0.042758
84 9.12887 0.0441091
85 9.18445 0.0444353
86 9.2419 0.0437228
87 9.30456 0.0443567
88 9.35713 0.0449068
89 9.41789 0.0444544
90 9.46077 0.0450308
91 9.51978 0.0464301
92 9.56741 0.0461148
93 9.61734 0.045105
94 9.66266 0.0460914
95 9.72353 0.0463308
96 9.77751 0.046327
97 9.82985 0.0473008
98 9.88736 0.0471495
99 9.9363 0.0477419
100 9.98641 0.0475495
