1 1 0
2 1.41579 0.00394344
3 1.73849 0.00556246
4 2.01063 0.00663146
5 2.25157 0.00767795
6 2.45752 0.00874899
7 2.64232 0.00927749
8 2.82892 0.00944454
9 2.99882 0.0107673
10 3.16706 0.0113419
11 3.32177 0.0135697
12 3.47349 0.0147958
13 3.61446 0.0159848
14 3.75243 0.0168379
15 3.88265 0.0182128
16 4.01585 0.018078
17 4.14774 0.0183907
18 4.27115 0.0183919
19 4.38798 0.0192914
20 4.49849 0.0198919
21 4.60671 0.0211277
22 4.70653 0.0196301
23 4.80457 0.0196107
24 4.91562 0.0200715
25 5.00825 0.0204165
26 5.11307 0.0198244
27 5.19994 0.0198639
28 5.29973 0.019031
29 5.39001 0.018906
30 5.48821 0.0177886
31 5.57857 0.0183964
32 5.65951 0.0192079
33 5.7524 0.0206339
34 5.84027 0.0210816
35 5.92342 0.0211064
36 6.01033 0.0207623
37 6.09008 0.0215344
38 6.17485 0.0219929
39 6.26018 0.0221112
40 6.34089 0.0233686
41 6.42357 0.0228109
42 6.49817 0.0222856
43 6.56967 0.0230907
44 6.64701 0.023483
45 6.72277 0.023719
46 6.80028 0.0233435
47 6.86839 0.0231478
48 6.94254 0.0233335
49 7.01814 0.0242153
50 7.08819 0.0238731
51 7.15445 0.0227986
52 7.22466 0.0232982
53 7.29139 0.023135
54 7.36512 0.022998
55 7.42298 0.0222385
56 7.4888 0.0230728
57 7.55966 0.0243266
58 7.62492 0.0244863
59 7.69501 0.0248243
60 7.75531 0.0250625
61 7.82303 0.0251076
62 7.8819 0.0250607
63 7.94236 0.0256331
64 8.00028 0.0268291
65 8.06071 0.0281015
66 8.13165 0.0283795
67 8.19509 0.0288358
68 8.26262 0.0290495
69 8.32484 0.0294464
70 8.38189 0.0301391
71 8.44225 0.0298427
72 8.49874 0.0293278
73 8.55705 0.0303797
74 8.62651 0.0315034
75 8.68019 0.032389
76 8.74569 0.0333981
77 8.8005 0.0330471
78 8.85372 0.0324476
79 8.90843 0.0324499
80 8.96787 0.0332337
81 9.02162 0.0338287
82 9.08597 0.0343146
83 9.14905 0.0351402
84 9.20406 0.0355411
85 9.25163 0.0355155
86 9.30232 0.0352727
87 9.36416 0.0347955
88 9.41451 0.0348382
89 9.47163 0.0339244
90 9.52463 0.0338075
91 9.57581 0.0338221
92 9.62334 0.0339419
93 9.67527 0.0338467
94 9.72169 0.0338977
95 9.77246 0.0342407
96 9.81613 0.0332365
97 9.86683 0.034026
98 9.91591 0.0344632
99 9.96726 0.0341486
100 10.007 0.0345753
