1000 0.000200009 0.00235997
2000 0.00173241 0.00168377
3000 0.000944721 0.00137183
4000 0.00117204 0.00118608
5000 0.00101631 0.00105919
6000 0.00130178 0.000964925
7000 0.00134497 0.000893806
8000 0.000873347 0.000835193
9000 0.000140702 0.000785076
10000 -5.41694e-05 0.000745188
11000 0.000225034 0.000711515
12000 0.000287975 0.000680754
13000 0.000420331 0.00065472
14000 0.000343405 0.000630582
15000 0.000624755 0.000610259
16000 0.000579956 0.000591427
17000 0.00049696 0.000572964
18000 0.000484114 0.000555844
19000 0.000614024 0.000542277
20000 0.000472693 0.000528518
21000 0.000274293 0.000515668
22000 -1.50528e-05 0.000503138
23000 6.15833e-05 0.000492424
24000 8.03752e-05 0.000481729
25000 0.000149052 0.000472286
26000 0.000191469 0.000462955
27000 0.000207041 0.000454352
28000 0.000279842 0.000446297
29000 0.000255015 0.000438469
30000 0.000167573 0.000431038
31000 0.000156401 0.000423841
32000 0.000243346 0.000417321
33000 0.000147231 0.000410733
34000 0.000175892 0.000404775
35000 0.000276468 0.000399138
36000 0.000193489 0.000393394
37000 0.000167514 0.000387803
38000 0.000131613 0.000382632
39000 0.000103781 0.000377605
40000 0.000143648 0.000372728
41000 8.32379e-05 0.000368153
42000 6.94037e-05 0.000363892
43000 8.28685e-05 0.000359614
44000 0.000140199 0.000355625
45000 0.000154373 0.000351806
46000 6.68396e-05 0.000347699
47000 2.46663e-05 0.00034404
48000 0.00010057 0.00034055
49000 0.000127283 0.000336971
50000 0.000149093 0.000333615
51000 0.00012957 0.000330338
52000 0.000195515 0.000327346
53000 0.000210462 0.000324281
54000 0.000232384 0.000321416
55000 0.000255512 0.000318463
56000 0.000280423 0.000315667
57000 0.000360404 0.000312998
58000 0.000386142 0.000310103
59000 0.000439443 0.000307551
60000 0.000421172 0.000305066
61000 0.000378556 0.000302534
62000 0.000413026 0.000300161
63000 0.000411836 0.000297752
64000 0.000441596 0.000295474
65000 0.000382815 0.000293027
66000 0.000355248 0.000290618
67000 0.000371409 0.000288478
68000 0.000368692 0.000286382
69000 0.000416044 0.000284435
70000 0.000432183 0.000282381
71000 0.00044601 0.000280523
72000 0.000436558 0.000278598
73000 0.000406061 0.000276586
74000 0.000427142 0.000274738
75000 0.000416272 0.000272919
76000 0.000399776 0.000271078
77000 0.000390497 0.000269253
78000 0.000393083 0.000267481
79000 0.000368322 0.000265775
80000 0.000362612 0.000264104
81000 0.000345449 0.00026242
82000 0.000282957 0.000260784
83000 0.000279859 0.00025922
84000 0.000283184 0.000257697
85000 0.000269381 0.00025616
86000 0.000301598 0.000254792
87000 0.000280577 0.000253295
88000 0.000307634 0.00025184
89000 0.000296187 0.000250426
90000 0.000291475 0.000249036
91000 0.000322403 0.000247723
92000 0.000270848 0.000246306
93000 0.000265274 0.000244982
94000 0.000259263 0.000243697
95000 0.00023035 0.000242352
96000 0.000228384 0.000241073
97000 0.000246303 0.000239795
98000 0.000211613 0.000238506
99000 0.000202307 0.000237259
100000 0.000209716 0.000236054
