1000 0.505484 0.00914258
2000 0.505354 0.00652226
3000 0.506437 0.00529983
4000 0.503658 0.00459655
5000 0.502186 0.0041076
6000 0.500821 0.00375607
7000 0.503481 0.00347806
8000 0.503976 0.00324425
9000 0.50354 0.00304541
10000 0.501133 0.00288594
11000 0.499897 0.00275625
12000 0.500121 0.00263989
13000 0.500447 0.00253832
14000 0.500276 0.00244486
15000 0.500033 0.00236592
16000 0.502089 0.00229012
17000 0.501925 0.00222065
18000 0.502005 0.00215791
19000 0.502403 0.00210195
20000 0.502235 0.00204701
21000 0.502184 0.00199531
22000 0.502586 0.00194604
23000 0.501866 0.00190417
24000 0.501389 0.00186431
25000 0.501457 0.00182739
26000 0.500562 0.00179237
27000 0.500391 0.00175903
28000 0.500205 0.00172809
29000 0.500149 0.00169778
30000 0.50014 0.00166837
31000 0.49982 0.00164113
32000 0.499678 0.00161612
33000 0.49971 0.00159053
34000 0.499708 0.00156723
35000 0.50019 0.00154561
36000 0.500294 0.00152324
37000 0.500387 0.00150228
38000 0.500571 0.00148206
39000 0.500433 0.00146269
40000 0.500514 0.00144463
41000 0.500882 0.00142639
42000 0.501165 0.00140918
43000 0.501333 0.00139281
44000 0.501244 0.00137736
45000 0.501007 0.00136209
46000 0.501134 0.0013465
47000 0.501194 0.00133176
48000 0.50132 0.00131841
49000 0.501185 0.0013051
50000 0.501568 0.00129214
51000 0.501585 0.00127926
52000 0.501446 0.0012674
53000 0.501318 0.00125551
54000 0.501419 0.00124399
55000 0.501325 0.0012328
56000 0.501278 0.00122192
57000 0.501579 0.00121173
58000 0.501856 0.00120142
59000 0.501876 0.00119157
60000 0.50188 0.00118147
61000 0.502025 0.00117144
62000 0.502274 0.00116219
63000 0.502336 0.00115292
64000 0.502274 0.00114408
65000 0.502366 0.00113485
66000 0.502455 0.00112603
67000 0.502567 0.0011177
68000 0.502249 0.00110944
69000 0.502118 0.00110169
70000 0.50207 0.00109389
71000 0.502052 0.00108625
72000 0.501624 0.00107863
73000 0.501578 0.00107103
74000 0.50159 0.0010639
75000 0.501615 0.00105671
76000 0.5015 0.00104964
77000 0.50155 0.00104274
78000 0.501678 0.00103605
79000 0.501706 0.00102932
80000 0.501887 0.00102282
81000 0.501825 0.00101639
82000 0.501571 0.0010098
83000 0.501549 0.00100368
84000 0.501368 0.00099771
85000 0.501236 0.000991743
86000 0.501196 0.000986151
87000 0.501326 0.000980342
88000 0.501377 0.000974913
89000 0.501333 0.000969354
90000 0.50136 0.000963926
91000 0.50143 0.000958792
92000 0.501327 0.000953274
93000 0.501387 0.000948103
94000 0.501366 0.000943012
95000 0.501285 0.000937875
96000 0.501275 0.000932967
97000 0.501427 0.000928242
98000 0.501277 0.000923305
99000 0.50148 0.000918575
100000 0.501433 0.000914012
