0 53.6982
1 43.1552
2 40.6585
3 40.6585
4 40.0594
5 36.1918
6 35.8198
7 35.3572
8 33.5099
9 33.5099
10 33.5099
11 31.6695
12 30.8482
13 30.0355
14 30.0355
15 30.0355
16 29.9328
17 29.108
18 28.3165
19 28.3165
20 28.3165
21 28.269
22 28.269
23 28.2105
24 28.2105
25 28.2105
26 27.6917
27 27.6917
28 27.3125
29 27.3125
30 26.6355
31 26.6355
32 23.6196
33 23.1965
34 22.455
35 21.7593
36 20.0334
37 19.9349
38 19.6185
39 19.3707
40 19.0761
41 19.0761
42 19.0761
43 19.0761
44 18.7363
45 18.7363
46 18.7363
47 18.7363
48 18.7363
49 18.7363
50 18.7363
51 18.5238
52 18.5238
53 18.5238
54 18.5238
55 18.5238
56 18.5238
57 18.5238
58 18.5238
59 18.5234
60 18.3042
61 18.3042
62 17.3317
63 17.3317
64 17.3317
65 17.3317
66 17.3317
67 17.3317
68 16.4853
69 16.4282
70 15.7012
71 15.3613
72 15.3613
73 15.3613
74 15.3613
75 15.16
76 15.16
77 15.16
78 15.16
79 15.16
80 15.16
81 15.16
82 15.16
83 15.16
84 15.16
85 15.16
86 15.16
87 15.16
88 15.16
89 15.16
90 15.16
91 15.16
92 15.16
93 15.16
94 15.16
95 15.16
96 15.16
97 15.16
98 15.16
99 15.16
100 15.16
101 15.0657
102 15.0657
103 15.0657
104 15.0657
105 15.0657
106 14.9756
107 14.9756
108 14.9756
109 14.9756
110 14.9756
111 14.9756
112 14.9756
113 14.9756
114 14.9756
115 14.9756
116 14.9756
117 14.9756
118 14.9756
119 14.5938
120 14.5938
121 14.5938
122 14.5938
123 14.5938
124 14.5938
125 14.5938
126 14.5938
127 14.5938
128 14.5938
129 14.5938
130 14.5938
131 14.5938
132 14.5938
133 14.5938
134 14.5938
135 14.5938
136 14.5938
137 14.5938
138 14.5938
139 14.5938
140 14.5938
141 14.4968
142 14.3361
143 14.3361
144 14.3361
145 14.3361
146 14.3361
147 14.3361
148 14.3361
149 14.3361
150 14.3361
151 14.3361
152 14.3361
153 14.3361
154 14.3361
155 14.3361
156 14.3361
157 14.3361
158 14.3361
159 14.3361
160 14.3361
161 14.3361
162 14.3361
163 14.3361
164 14.3361
165 14.3361
166 14.3361
167 14.3361
168 14.3361
169 14.3361
170 14.3361
171 14.3361
172 14.3361
173 14.3361
174 14.3361
175 14.3361
176 14.3152
177 14.3152
178 14.2677
179 14.2677
180 14.2677
181 13.8454
182 13.7607
183 13.7132
184 13.7132
185 13.7132
186 13.7132
187 13.7064
188 13.7064
189 11.302
190 11.302
191 11.302
192 11.302
193 11.302
194 11.302
195 10.6134
196 10.6134
197 10.6134
198 10.6134
199 10.6014
200 10.6014
201 10.6014
202 10.6014
203 10.5044
204 10.5044
205 10.5044
206 10.5044
207 10.5044
208 10.5044
209 10.5044
210 10.5044
211 10.5044
212 10.5044
213 10.5044
214 10.5044
215 10.5044
216 10.5044
217 10.5044
218 10.5044
219 10.5044
220 10.5044
221 10.5044
222 10.5044
223 10.5044
224 10.5044
225 10.316
226 10.3149
227 10.3149
228 10.2725
229 10.2725
230 10.2725
231 10.2725
232 10.2725
233 10.1298
234 10.1298
235 10.1298
236 10.1298
237 10.1298
238 10.1298
239 10.1298
240 10.1298
241 10.1298
242 10.1298
243 10.1298
244 10.1298
245 10.1298
246 10.1298
247 10.1298
248 10.1298
249 10.1298
250 10.1298
251 10.1298
252 10.1298
253 10.1298
254 10.1298
255 10.1298
256 10.1298
257 10.1298
258 10.1298
259 10.1298
260 10.1298
261 10.1298
262 10.1298
263 10.1298
264 10.1298
265 10.1298
266 10.1298
267 10.1298
268 8.05246
269 8.05246
270 8.05246
271 8.05246
272 8.05246
273 8.05246
274 8.05246
275 7.95822
276 7.95822
277 7.95822
278 7.95822
279 7.95822
280 7.95822
281 7.95822
282 7.95822
283 7.95822
284 7.95822
285 7.95822
286 7.95822
287 7.95822
288 7.95822
289 7.95822
290 7.95822
291 7.95822
292 7.95822
293 7.95822
294 7.95822
295 7.95822
296 7.95822
297 7.95822
298 7.95822
299 7.95822
300 7.95822
301 7.95822
302 7.95822
303 7.95822
304 7.95822
305 7.95822
306 7.95822
307 7.95822
308 7.95822
309 7.95822
310 7.95822
311 7.95822
312 7.95822
313 7.95822
314 7.95822
315 7.95822
316 7.95822
317 7.95822
318 7.95822
319 7.95822
320 7.95822
321 7.95822
322 7.95822
323 7.95822
324 7.95822
325 7.95822
326 7.95822
327 7.95822
328 7.95822
329 7.95822
330 7.95822
331 7.95822
332 7.95822
333 7.95822
334 7.95822
335 7.95822
336 7.95822
337 7.95822
338 7.95822
339 7.95822
340 7.95822
341 7.95822
342 7.95822
343 7.95822
344 7.95822
345 7.95822
346 7.95822
347 7.95822
348 7.95822
349 7.95822
350 7.95822
351 7.95822
352 7.95822
353 7.95822
354 7.95822
355 7.95822
356 7.95822
357 7.95822
358 7.95822
359 7.95822
360 7.95822
361 7.95822
362 7.95822
363 7.95822
364 7.95822
365 7.95822
366 7.95822
367 7.95822
368 7.95822
369 7.95822
370 7.95822
371 7.95822
372 7.95822
373 7.95822
374 7.95822
375 7.95822
376 7.95822
377 7.95822
378 7.95822
379 7.95822
380 7.95822
381 7.95822
382 7.95822
383 7.95822
384 7.95822
385 7.95822
386 7.95822
387 7.95822
388 7.95822
389 7.95822
390 7.95822
391 7.95822
392 7.95822
393 7.95822
394 7.95822
395 7.95822
396 7.95822
397 7.95822
398 7.95822
399 7.95822
400 7.95822
401 7.95822
402 7.95822
403 7.95822
404 7.95822
405 7.95822
406 7.95822
407 7.95822
408 7.95822
409 7.95822
410 7.95822
411 7.95822
412 7.95822
413 7.95822
414 7.95822
415 7.95822
416 7.95822
417 7.95822
418 7.95822
419 7.95822
420 7.95822
421 7.95822
422 7.95822
423 7.95822
424 7.95822
425 7.95822
426 7.95822
427 7.95822
428 7.95822
429 7.95822
430 7.95822
431 7.95822
432 7.95822
433 7.95822
434 7.95822
435 7.95822
436 7.95822
437 7.95822
438 7.95822
439 7.95822
440 7.95822
441 7.95822
442 7.95822
443 7.95822
444 7.95822
445 7.95822
446 7.95822
447 7.95822
448 7.95822
449 7.95822
450 7.95822
451 7.95822
452 7.95822
453 7.95822
454 7.95822
455 7.95822
456 7.95822
457 7.95822
458 7.95822
459 7.95822
460 7.95822
461 7.95822
462 7.95822
463 7.95822
464 7.95822
465 7.95822
466 7.95822
467 7.95822
468 7.95822
469 7.95822
470 7.95822
471 7.95822
472 7.95822
473 7.95822
474 7.95822
475 7.95822
476 7.95822
477 7.95822
478 7.95822
479 7.95822
480 7.95822
481 7.95822
482 7.95822
483 7.95822
484 7.95822
485 7.95822
486 7.95822
487 7.95822
488 7.95822
489 7.95822
490 7.95822
491 7.95822
492 7.95822
493 7.95822
494 7.95822
495 7.95822
496 7.95822
497 7.95822
498 7.95822
499 7.95822
500 7.95822
501 7.95822
502 7.95822
503 7.95822
504 7.95822
505 7.95822
506 7.95822
507 7.95822
508 7.95822
509 7.95822
510 7.95822
511 7.95822
512 7.95822
513 7.95822
514 7.95822
515 7.95822
516 7.95822
517 7.95822
518 7.95822
519 7.95822
520 7.95822
521 7.95822
522 7.95822
523 7.95822
524 7.95822
525 7.95822
526 7.95822
527 7.95822
528 7.95822
529 7.95822
530 7.95822
531 7.95822
532 7.95822
533 7.95822
534 7.95822
535 7.95822
536 7.95822
537 7.95822
538 7.95822
539 7.95822
540 7.95822
541 7.95822
542 7.95822
543 7.95822
544 7.95822
545 7.95822
546 7.95822
547 7.95822
548 7.95822
549 7.95822
550 7.95822
551 7.95822
552 7.95822
553 7.95822
554 7.95822
555 7.95822
556 7.95822
557 7.95822
558 7.95822
559 7.95822
560 7.95822
561 7.95822
562 7.95822
563 7.95822
564 7.95822
565 7.95822
566 7.95822
567 7.95822
568 7.95822
569 7.95822
570 7.95822
571 7.95822
572 7.95822
573 7.95822
574 7.95822
575 7.95822
576 7.95822
577 7.95822
578 7.95822
579 7.95822
580 7.95822
581 7.95822
582 7.95822
583 7.95822
584 7.95822
585 7.95822
586 7.95822
587 7.95822
588 7.95822
589 7.95822
590 7.95822
591 7.95822
592 7.95822
593 7.95822
594 7.95822
595 7.95822
596 7.95822
597 7.95822
598 7.95822
599 7.95822
600 7.95822
